//==============================================================================================================================================//
//	MuDevs.com
//	Version: S20.1-1
//	Update: Sep/24/2024
//	Editor: OMEGA
//==============================================================================================================================================//
//Cost and items to be displayed in the UI				
//Use with client and server				
//==============================================================================================================================================================//
//index	name
0	"Sword/Claw/Blade Box"
//Type index cost	on off					
0					
-1	-1	5000000	1	
end					
//Order type index	
1					
0	0	24
1	0	34
2	0	68
3	0	102
4	14	53
5	14	96
6	0	20
7	0	14
8	0	67
9	0	16
10	0	32
11	0	66
end					
end	
//============================================//
1	"Staff/Stick/Book/Orb Box"				
0					
-1	-1	5000000	1	
end					
1					
0	5	11
1	5	18
2	5	81
3	5	68
4	5	4
5	5	5
6	5	9
7	5	3
8	5	8
9	5	33
10	5	14
11	5	15
12	5	16
13	5	17
14	5	34
15	14	96
16	14	53
end					
end
//============================================//					
2	"Bow/Gun Box"			
0					
-1	-1	5000000	1	
end					
1					
0	4	20
1	4	43
2	14	53
3	14	96
4	4	19
5	4	22
6	4	32
7	4	2
8	4	5
9	4	11
10	4	12
11	4	13
11	4	42
end					
end
//============================================//					
3	"Scepter/RuneMace Box"			
0					
-1	-1	5000000	1	
end					
1					
0	2	18
1	2	29
2	14	53
3	14	96
4	2	11
5	2	8
6	2	9
7	2	10
7	2	28
end					
end					
//============================================//
4	"Lancer Box"				
0					
-1	-1	5000000	1	
end					
1					
0	3	13
1	3	14
2	14	53
3	14	96
4	3	15
5	3	16
6	3	17
7	3	18
end					
end					
//============================================//
5	"Jewel of Bless Box"					
0					
14	13	1	1	
end					
1					
0	14	477
1	12	457
2	13	12	
3	14	373
4	14	53	
5	14	189
6	14	22	
7	14	16	
8	14	14	
9	12	15	
10	14	31	
11	14	42	
12	14	467
13	14	466
14	12	449
end					
end
//============================================//					
6	"Jewel of Soul Box"				
0					
14	14	1	1	
end					
1					
0	14	467	
1	12	457	
2	13	12	
3	14	373	
4	14	53	
5	14	189	
6	14	22	
7	14	16	
8	14	13	
9	12	15	
10	14	31	
11	14	42	
12	14	467	
13	14	466	
14	12	449	
end					
end
//============================================//					
7	"Miracle Coin Box"				
0					
14	413	1	1	
end					
1					
0	12	212			
1	13	268			
2	14	13			
3	13	53			
4	13	479			
5	14	53			
6	14	276			
7	8	36			
8	14	224			
9	12	0			
10	4	22			
end					
end
//============================================//					
8	"Mastery Accessory Box"			
0					
14	13	1	1	
end					
1					
0	12	457			
1	12	449			
2	13	12			
3	13	21			
4	14	14			
5	14	16			
6	14	22			
7	12	15			
8	14	31			
9	14	42			
10	14	42			
end					
end
//============================================//					
9	"Guardian Box"				
0					
14	13	1	1	
end					
1					
0	14	477			
1	14	466			
2	14	467			
//3	14	372			
3	14	468			
4	14	14			
5	14	16			
6	14	22			
7	12	15			
8	14	477			
9	14	466			
10	14	467			
end					
end	
//============================================//				
10	"Miraclous Moss"					
0					
//Type index cost	on off	
14	413	3	0	
14	13	10	0	
end					
1					
0	0	19	
1	13	467	
2	13	268	
3	14	96	
4	14	399	
5	19	3	
6	13	510	
7	13	468	
8	14	276	
9	14	336	
10	14	224	
end					
end
//============================================//					
100					
0	19				
2	13				
4	18				
5	10				
5	36				
13	276				
13	53				
12	208				
12	209				
12	210				
12	211				
12	306				
12	307				
12	308				
14	53				
12	457				
12	212				
12	213				
12	214				
13	268				
14	479				
end					
end					
